0 -1 0 0 
0 -1 0 0 
0 1 0 0 
0 0 
0 -1 0 0 
0 1 0 0 
0 3 0 0 
0 2 0 0 
0 -2 0 -1 0 0 
0 -2 0 -1 0 0 
0 0 
0 2 0 0 
0 3 0 0 
4 1 0 0 
0 -3 0 -1 0 0 
0 -1 0 -1 0 0 
0 -4 0 0 
0 -5 0 1 0 0 
0 -1 0 1 1 -1 0 -1 0 0 
0 2 0 2 2 1 1 -1 0 0 
0 1 0 2 1 -1 7 1 0 0 
0 -11 0 -6 0 1 0 2 0 1 0 -1 0 1 0 2 3 1 0 0 
0 -9 0 -7 3 -1 0 0 
0 -5 0 -4 1 -2 0 -2 0 0 
0 -1 0 0 
0 0 
0 1 0 1 1 -1 0 -1 0 0 
0 8 0 5 0 -1 1 -1 0 0 
0 6 0 5 1 1 0 1 1 -1 0 0 
3 1 0 1 0 0 
1 -3 0 0 
0 5 0 -3 1 1 1 1 0 0 
0 -1 0 0 
0 0 
0 0 
0 0 
0 -1 0 0 
0 1 0 0 
0 2 0 0 
0 1 0 0 
0 -2 0 -1 0 0 
0 -2 0 -1 0 0 
0 0 
0 3 0 1 0 0 
0 2 0 0 
0 -1 0 -1 2 1 0 0 
0 -2 0 -1 0 0 
0 0 
0 -4 0 0 
0 -3 0 2 1 -1 0 0 
0 1 0 3 2 -1 0 0 
0 1 0 2 0 0 
0 -9 0 -5 0 1 0 4 0 2 1 1 0 1 3 -1 0 0 
0 -10 0 -6 3 -1 0 0 
0 -7 0 -4 1 -1 0 -1 0 0 
0 -1 0 0 
0 0 
0 1 0 1 1 -1 0 0 
0 6 0 6 0 -1 0 -1 0 -1 0 0 
0 8 0 6 0 0 
0 -1 1 1 0 2 0 2 0 0 
0 -4 0 -4 2 -1 0 0 
0 1 0 -2 1 -1 0 -1 0 0 
0 4 0 -3 1 1 0 0 
0 -1 0 0 
0 0 
0 0 
0 0 
0 -1 0 0 
0 1 0 0 
0 2 0 0 
1 -1 2 1 0 0 
0 -2 0 -1 0 0 
0 -1 0 -1 0 0 
0 1 0 0 
0 3 0 1 0 0 
0 1 0 0 
0 -1 0 -1 0 0 
0 -2 0 -1 0 0 
0 0 
0 -3 0 1 1 -1 0 0 
0 -1 0 3 1 -1 0 -1 0 0 
0 -1 0 4 0 0 
0 -3 0 1 0 1 0 4 0 3 0 -1 0 -2 0 -1 0 0 
0 -12 0 -6 2 -1 0 -1 0 0 
0 -8 0 -4 1 -1 1 -1 0 0 
0 -3 3 -1 0 0 
1 1 1 -1 0 0 
0 1 0 3 0 -1 0 -1 0 0 
0 5 0 7 1 -1 1 1 2 1 0 0 
0 8 0 8 3 1 0 0 
1 1 0 1 0 3 0 2 0 0 
0 -5 0 -3 3 -1 0 0 
0 -3 0 -3 1 -1 0 -1 0 0 
0 3 0 -1 0 0 
0 3 0 -1 0 0 
0 -1 0 0 
0 0 
0 0 
0 0 
0 0 
0 1 0 0 
0 2 0 0 
0 -1 0 0 
0 -2 0 -1 0 0 
0 -1 0 0 
0 1 0 1 0 0 
0 2 0 1 0 0 
0 -2 0 -7 0 5 0 2 0 -1 1 1 0 -2 0 -5 0 3 0 1 0 -1 5 1 1 -2 0 0 
0 -3 0 -16 0 9 0 1 0 -1 0 -1 0 1 0 -1 0 -3 0 -1 9 2 0 -1 0 0 
0 -1 0 -18 0 8 1 -2 1 1 0 1 0 1 0 -4 0 -1 7 1 0 3 0 0 
1 -15 0 7 0 1 0 1 1 -1 0 -2 1 -3 0 1 7 -1 0 2 0 0 
0 1 0 -10 0 9 0 -2 2 1 0 1 0 -6 0 3 1 -1 0 -1 5 -1 0 -1 1 1 0 0 
0 2 1 2 0 -2 3 2 0 -2 0 2 0 -1 7 1 0 -1 1 -1 0 0 
1 2 0 0 
0 -15 0 -6 0 1 0 1 1 -1 0 1 0 1 4 1 0 0 
0 -10 0 -5 2 -1 0 -1 2 -1 0 0 
0 -4 0 -1 1 -1 0 -1 0 0 
1 2 1 -1 0 0 
0 2 0 4 1 -1 0 0 
0 4 0 7 6 1 0 0 
0 6 0 7 0 0 
0 1 0 1 0 1 0 4 0 1 6 -1 0 0 
0 -5 0 -4 3 -1 2 -1 0 0 
0 -5 0 -4 6 -1 0 0 
1 -2 1 -1 0 0 
0 3 0 1 0 -1 0 -1 0 -1 1 1 1 1 0 0 
0 8 0 7 1 -1 0 -1 1 -1 0 -1 0 0 
0 0 
0 0 
0 0 
0 0 
0 0 
0 1 0 0 
0 1 0 0 
0 -1 0 -1 0 0 
0 -2 0 0 
0 0 
0 -8 0 -15 0 11 0 10 0 -3 1 3 0 -6 0 -6 0 3 0 3 0 -3 0 -1 0 1 1 -1 0 1 0 1 0 -1 0 -2 0 0 
0 5 0 -4 0 7 0 -11 0 5 0 -2 0 -4 0 -2 0 -10 0 4 0 -2 0 5 0 2 0 -1 1 -1 0 -1 0 1 0 3 0 -3 0 1 1 1 0 1 7 -1 0 0 
1 9 0 7 0 5 0 3 0 -1 0 -2 0 -2 0 4 2 -2 1 1 2 2 2 1 3 -1 0 0 
0 -3 0 7 1 -2 3 -1 0 1 0 -1 1 1 1 -1 1 -1 2 -1 0 0 
0 -1 0 7 1 1 3 1 1 -1 1 -1 0 0 
0 -2 0 2 1 1 0 1 1 1 0 -1 1 -2 1 -1 0 0 
0 -3 0 4 0 2 0 -3 2 1 0 -2 0 1 0 2 1 1 7 1 0 0 
0 -3 0 9 1 2 0 -1 1 -2 0 7 0 -3 0 -1 0 3 1 1 5 2 3 -1 0 0 
0 5 0 -11 0 -11 0 6 0 2 1 1 0 -4 0 -4 0 1 0 -4 0 2 0 -1 5 -3 0 1 2 -1 9 -1 0 0 
0 -11 0 -4 0 -3 0 -3 1 -1 1 1 0 2 0 -1 0 -1 7 2 2 -1 0 0 
0 -6 0 -3 1 -2 0 -1 0 0 
1 2 0 -1 0 -1 0 0 
0 2 0 5 0 0 
0 4 0 7 1 -1 4 1 0 0 
0 6 0 8 6 1 0 0 
0 -1 0 1 0 1 0 4 0 2 6 -1 0 0 
0 -5 0 -4 0 0 
0 -5 0 -5 6 -1 0 0 
0 -2 0 -3 0 -1 0 -1 0 -1 0 0 
0 4 0 3 0 -1 0 -2 0 -1 0 1 0 0 
0 8 0 8 1 -1 1 1 0 0 
0 5 0 5 0 1 0 2 0 1 3 1 2 -1 0 0 
0 0 
0 1 0 0 
0 0 
0 0 
0 0 
0 1 0 0 
0 0 
0 -1 0 0 
0 -1 0 0 
0 -15 0 -5 0 -8 0 2 0 6 2 13 0 2 0 1 0 -3 0 -6 0 -1 2 1 0 1 0 -1 0 -1 3 1 0 2 6 -1 0 0 
0 -1 0 31 0 2 0 -6 0 2 0 -1 0 -2 0 -6 0 -10 0 -1 0 -1 0 -8 0 -2 2 -1 0 -1 0 -1 3 -1 1 -1 0 -1 0 0 
0 -6 0 7 0 -4 0 11 0 -10 0 -2 0 7 0 -6 0 2 0 -1 0 1 0 -2 0 2 0 -1 1 1 0 -1 0 1 0 -1 4 -1 0 0 
0 17 0 -30 0 -11 0 14 0 5 0 1 0 2 0 1 1 1 0 -6 0 -1 0 -1 0 -2 1 -1 0 -1 0 1 0 -4 0 -1 1 -1 1 1 0 2 6 1 5 1 0 0 
0 12 0 -29 0 12 0 -17 1 1 0 4 0 -1 2 8 0 -6 0 -2 2 -1 1 2 0 -4 4 -2 7 1 0 -1 0 0 
0 -4 0 5 0 -1 1 -1 0 -1 2 -1 9 1 0 0 
0 -2 0 3 0 -1 0 -1 0 -1 2 -1 0 0 
1 4 2 1 0 -1 2 2 1 1 0 -1 0 0 
1 4 0 1 0 -1 0 -1 3 1 7 1 0 0 
1 5 0 1 0 -2 0 1 0 -1 1 -1 2 -1 0 -1 6 -1 0 0 
0 -2 0 9 0 2 1 -1 1 -1 0 2 0 1 1 1 0 -2 0 1 4 -1 0 1 2 1 0 0 
0 -10 0 11 0 4 0 -8 3 -2 0 2 1 1 0 -3 0 1 4 -4 0 3 0 1 2 -1 8 -1 0 1 0 0 
0 -3 0 11 0 -3 0 6 0 -2 2 -2 1 1 0 -1 0 2 4 1 0 -2 0 1 3 1 0 0 
0 5 0 7 1 -1 4 1 0 0 
0 5 0 7 0 0 
0 -2 1 1 0 4 0 2 2 1 0 0 
0 -6 0 -5 2 -1 3 -1 0 0 
0 -5 0 -4 6 -1 0 0 
0 -3 0 -3 0 -1 0 -1 0 -1 1 1 0 1 4 -1 0 0 
0 5 0 5 0 -1 0 -2 0 -1 0 0 
0 9 0 7 1 -1 1 1 2 1 0 0 
0 6 0 5 1 2 0 1 1 -1 1 1 0 0 
0 1 0 1 2 1 2 -1 0 0 
0 0 
0 1 0 0 
0 0 
0 0 
0 0 
0 1 0 0 
0 0 
0 -1 0 -1 0 -1 0 -1 0 -1 1 1 0 2 0 1 1 -1 0 -1 11 1 0 0 
0 -6 0 -1 1 1 0 1 1 1 3 -2 0 -1 10 1 0 0 
1 8 0 -6 0 -7 0 -1 3 -1 1 1 0 2 9 1 0 0 
0 3 0 19 0 3 0 1 0 1 2 -2 0 -1 0 -1 0 -1 0 -1 0 1 0 0 
0 -47 0 10 0 -1 0 1 0 -11 0 8 0 -8 0 2 0 1 0 1 0 -1 0 -1 0 -2 0 4 1 2 0 -2 5 -1 1 -1 0 1 3 1 10 1 0 0 
0 17 0 11 0 4 0 -12 0 -6 0 2 0 6 0 -2 0 1 1 1 0 -1 0 -2 0 1 0 1 1 -1 0 -1 0 1 11 1 0 -1 0 0 
0 -25 0 24 0 -3 0 17 1 1 1 2 0 -1 1 -2 0 2 0 -2 0 1 2 1 0 -3 3 -1 0 0 
0 29 0 -15 0 -1 0 -18 0 13 0 1 0 5 0 -4 0 -3 0 2 1 -7 0 4 0 -1 1 1 3 -1 0 1 0 1 0 -1 0 -2 0 2 4 1 0 -1 1 1 0 0 
0 1 0 1 0 1 0 -1 0 -1 0 -1 1 -1 1 1 2 1 6 1 0 0 
0 -1 0 2 0 -1 1 -1 3 1 0 0 
0 -1 0 2 0 1 0 -1 0 1 0 1 7 -1 0 0 
1 5 0 1 0 1 3 -2 0 2 0 0 
0 -2 0 3 5 2 0 -1 2 1 0 0 
0 -4 0 4 0 -1 0 1 0 -1 0 1 2 2 1 -2 6 -1 0 1 3 -1 0 1 0 0 
0 -6 0 8 0 2 0 -3 0 1 0 -1 1 -1 0 -1 0 -1 0 1 1 -1 3 -1 1 1 0 0 
0 5 0 3 0 -1 0 6 0 -2 0 1 0 1 0 -4 1 1 0 -1 0 3 4 1 0 -3 0 1 12 -1 0 0 
0 -2 0 -1 0 1 0 3 0 2 0 0 
0 -7 0 -5 3 -1 0 0 
0 -6 0 -4 0 0 
0 -4 0 -2 0 -1 0 -2 0 0 
0 5 0 4 1 -2 0 -1 1 -1 2 -1 0 0 
0 9 0 7 3 1 0 0 
0 8 0 7 0 1 0 2 0 1 1 -1 0 -1 0 0 
0 -1 1 1 0 2 0 1 2 -1 0 0 
0 -6 0 -7 1 1 0 1 2 1 0 0 
0 0 
0 0 
0 1 0 0 
0 0 
0 0 
0 1 0 0 
0 3 0 2 0 -1 0 -4 0 -1 2 1 2 1 0 3 0 1 3 -1 0 -2 5 -1 7 1 0 0 
0 -3 0 -1 0 1 0 2 0 2 1 2 0 3 0 1 1 1 0 1 0 0 
0 4 0 7 0 1 3 -1 0 -1 0 1 0 1 0 0 
0 1 1 2 0 2 0 1 0 1 1 1 2 -1 0 -1 0 0 
0 -2 0 -2 0 -1 0 -1 14 1 0 0 
0 -29 0 12 0 -4 0 -6 0 9 1 -5 1 2 0 -1 2 3 3 -1 2 -1 10 -1 0 0 
0 17 0 -1 1 7 0 -15 0 6 0 -2 0 -2 0 -2 1 -1 0 1 0 1 0 -3 3 -2 0 -1 4 1 0 1 0 0 
0 -42 0 -1 0 3 0 4 0 12 0 8 0 4 0 5 0 -4 0 3 0 -2 0 -3 1 -2 0 -1 0 -2 0 -1 0 2 4 -1 1 1 0 0 
0 3 0 1 0 -2 0 4 0 6 0 -2 0 -5 0 5 0 -2 0 -2 0 2 4 -1 1 -1 0 4 0 1 1 1 2 -1 6 -1 0 -1 0 0 
0 22 0 -15 0 -21 0 -5 0 -8 1 4 1 -2 0 -1 0 -3 0 5 0 2 0 1 1 -2 0 -2 0 -1 0 -4 2 -1 1 2 0 2 5 -1 1 -1 0 0 
0 -4 0 -19 0 5 0 4 0 1 0 -1 0 -4 0 -2 0 -2 0 3 0 2 0 6 0 7 1 1 0 1 0 -7 0 -3 0 1 0 1 0 -1 0 -3 1 1 0 -2 0 -1 3 1 0 3 0 2 5 -1 0 -2 5 -1 5 1 0 0 
0 -4 0 -17 0 3 0 7 0 10 0 1 0 -10 0 -12 0 7 1 7 0 3 0 -4 2 -1 0 5 0 2 0 -1 0 -2 1 -1 0 -3 0 -1 0 1 4 1 1 -1 0 1 5 -1 0 0 
0 8 0 -8 0 7 0 -10 0 3 0 1 0 -1 0 1 0 -1 0 -2 0 5 0 -3 0 -1 0 1 1 -1 1 4 0 -5 0 2 1 1 0 -1 1 1 4 1 0 -1 0 0 
0 -2 0 6 1 1 2 -1 1 1 1 -1 0 0 
0 -2 0 3 6 -1 0 -1 2 1 3 -1 0 0 
0 -3 0 5 0 -1 1 1 3 1 0 1 2 1 0 0 
0 -4 0 3 0 -2 2 -1 0 1 0 -1 0 1 1 -1 12 -1 0 0 
0 -3 0 -5 0 -3 0 2 0 -1 1 2 0 -1 0 2 0 -1 0 1 0 1 0 1 0 0 
0 -6 0 -5 6 -1 0 0 
0 -4 0 -2 0 -1 0 -1 0 0 
0 2 0 3 1 -2 0 -1 3 1 0 0 
0 9 0 7 2 -1 0 1 2 1 0 0 
0 10 0 8 1 1 0 1 1 -1 0 -1 0 0 
0 -2 0 -1 0 1 0 3 0 1 0 0 
0 -7 0 -7 4 1 1 -1 0 0 
0 -3 0 -5 0 -1 0 -2 0 -1 0 0 
0 0 
0 0 
0 0 
0 -1 0 0 
0 0 
0 4 0 3 1 -5 0 -1 0 -1 4 1 0 3 0 1 3 -1 0 -1 5 -1 6 1 0 0 
0 -2 0 -1 4 2 0 2 0 1 2 1 0 1 3 1 0 1 0 0 
0 1 0 6 0 1 1 1 2 -2 9 1 0 0 
0 -2 0 1 0 -1 0 -2 2 1 0 1 0 1 0 0 
0 5 0 4 3 1 1 -1 1 1 0 1 1 -1 4 1 0 0 
1 1 0 2 0 2 0 1 2 1 1 1 1 -1 4 1 0 0 
0 -4 0 3 0 1 0 -6 0 4 0 -3 0 5 0 -2 0 1 1 -1 0 2 0 -3 0 1 1 1 0 -1 0 0 
0 -5 0 5 0 -2 0 7 0 -9 0 -4 0 7 0 -2 2 1 0 -2 0 3 0 -1 0 -1 2 1 6 -1 0 0 
0 -2 0 2 0 -5 0 -8 0 -2 0 1 0 -2 0 -4 0 -2 0 -1 0 -2 0 -2 0 1 0 -1 2 1 0 -3 3 -1 0 0 
0 -10 0 -5 0 1 0 -2 0 -3 1 8 0 5 0 -5 0 -1 0 -2 0 2 0 2 2 1 0 -1 0 1 0 -1 0 -1 2 1 0 -1 0 -1 0 0 
0 3 0 8 0 -4 0 10 0 18 0 2 0 13 0 8 0 1 0 -1 0 -3 0 -7 0 -13 0 -2 0 1 1 -3 1 1 0 -1 1 -1 0 1 0 2 0 1 0 1 3 1 0 2 0 1 5 -1 2 -1 3 -1 0 0 
0 -5 1 -3 1 -15 0 13 0 20 0 15 1 4 0 -4 0 2 0 9 0 -1 2 -2 0 2 1 1 1 -1 0 2 0 -3 0 -5 4 -2 0 -1 0 -1 5 -1 1 1 12 1 0 0 
0 -4 0 -11 0 -1 0 -11 0 -26 0 -1 0 6 0 6 0 9 0 -1 0 -13 0 -5 0 7 1 -1 0 2 0 5 0 -2 0 -3 3 3 1 -3 4 -2 0 -4 0 -2 6 1 5 1 0 1 6 1 0 0 
0 -1 0 7 0 3 0 -17 0 -10 0 -2 0 12 0 -3 0 -12 1 -5 0 -7 3 -2 0 -5 0 -4 0 3 0 1 2 3 0 5 0 1 5 1 0 2 6 -1 6 -1 0 -1 3 1 0 0 
0 8 0 -10 0 -1 0 9 0 -1 0 1 0 6 0 9 0 6 0 -2 0 -4 0 16 0 4 2 1 0 -2 0 -8 0 -7 0 -3 1 1 0 -1 0 -1 0 -1 5 -1 0 2 0 -1 0 -1 3 -1 0 0 
0 3 0 -7 0 12 0 -10 0 -2 0 -1 1 9 0 -6 0 2 0 -2 0 -3 0 2 4 2 0 -1 0 -1 2 -1 0 1 8 1 0 0 
0 -2 0 4 0 1 0 1 3 -1 0 1 2 -1 1 -1 2 -1 0 -1 0 0 
0 -6 0 6 0 -2 1 -1 2 2 2 1 0 -1 11 -1 0 1 0 0 
0 -5 0 5 0 1 0 -2 0 2 1 -1 0 -2 1 1 0 1 0 -1 4 1 0 1 6 -1 0 0 
0 -13 0 7 0 -2 0 5 0 -2 0 -2 0 -2 0 1 0 1 0 -1 1 2 1 -1 2 -1 0 1 5 1 0 0 
3 -1 0 -1 0 0 
0 8 0 7 0 -1 0 -1 0 -1 0 0 
0 10 0 8 0 1 0 1 0 1 1 -1 1 1 0 0 
0 -2 0 -3 0 1 0 3 0 2 0 0 
0 -7 0 -8 3 -1 2 -1 0 0 
0 -4 0 -5 0 -1 0 -2 0 -1 0 0 
0 2 2 -1 0 0 
0 0 
0 0 
0 0 
0 0 
2 -1 0 -2 0 -3 0 1 0 3 0 2 3 -1 0 -1 3 -1 0 -1 5 1 0 1 0 0 
1 1 0 1 0 2 0 2 0 1 0 3 0 3 0 1 3 1 0 1 0 0 
0 5 0 5 1 2 0 1 1 -1 0 -1 2 -1 0 -1 0 0 
0 -1 0 2 0 -1 0 -1 0 -1 0 0 
0 1 0 2 0 1 0 1 0 -2 0 -1 1 1 0 1 2 -1 5 -1 0 0 
0 2 0 3 1 1 2 1 0 1 0 1 2 -2 4 -1 0 -1 0 0 
0 1 0 3 0 2 0 1 0 -2 3 1 1 -2 0 -1 0 1 3 -1 5 1 0 0 
2 1 0 0 
0 -44 0 7 1 8 0 -16 0 5 0 -9 0 3 4 -6 0 2 1 1 0 -2 0 1 6 -1 0 1 4 -1 0 0 
0 6 0 2 0 -3 0 -5 1 1 0 -2 0 2 0 -1 0 -1 0 1 5 -2 1 1 0 -1 3 1 0 1 4 1 0 -1 0 0 
2 4 0 4 0 3 0 -1 0 -3 0 -1 0 -4 0 6 0 3 0 -2 0 2 0 -1 1 1 0 -1 0 2 0 -3 0 7 0 1 1 -1 0 -2 7 1 0 -1 0 0 
0 4 0 -3 0 -9 0 5 0 -5 0 1 0 -14 0 -8 0 -9 0 4 0 4 0 2 0 -1 0 2 1 3 0 2 1 1 1 1 1 -3 0 1 0 2 5 1 0 3 0 2 0 1 3 1 0 0 
0 5 0 -17 0 11 0 16 0 7 0 -5 0 -11 0 5 0 1 0 3 0 2 0 -6 0 -5 0 3 0 -1 0 4 0 7 0 7 0 2 0 -1 1 -1 0 -2 0 2 0 1 4 -1 0 -3 0 -2 0 -1 5 -1 0 -1 0 0 
0 19 0 4 0 -6 0 15 0 22 0 -6 0 -13 0 -4 1 -1 0 3 0 -5 0 -9 2 3 0 6 0 3 0 -2 4 -3 6 -1 1 1 4 -1 11 1 0 0 
0 11 0 2 0 -6 0 7 0 8 0 1 0 18 0 13 0 -3 0 1 0 1 0 -10 0 -9 2 -3 0 -9 0 -6 0 -2 0 -1 0 1 0 -1 0 -1 0 4 0 2 4 -1 7 1 0 1 7 -1 0 0 
0 -12 0 -14 1 1 0 2 0 2 0 8 0 15 0 -4 0 -4 0 -3 0 1 0 -1 2 2 0 1 0 -8 0 -3 2 -3 0 -5 0 -4 7 3 0 1 4 2 0 1 6 -1 0 0 
0 7 0 34 0 -4 0 4 0 -1 0 2 0 -4 0 -5 0 -6 0 6 0 9 0 -4 3 -1 1 1 0 -3 0 -4 0 -1 0 -1 0 -3 8 -1 1 1 3 1 0 0 
0 8 0 -2 0 -12 0 11 0 -6 0 3 0 6 0 -11 0 -2 0 1 0 -6 0 5 0 -5 2 1 0 3 0 -4 0 1 2 -1 1 1 0 -1 7 -1 0 0 
0 -5 0 3 0 1 1 -1 1 1 5 1 10 1 0 0 
0 -10 0 5 2 2 1 1 3 -1 0 -1 0 -1 3 1 0 -1 0 0 
0 -4 0 4 0 -2 0 1 0 2 0 -2 0 2 0 -4 0 1 1 -2 0 2 1 1 0 0 
0 -1 0 10 0 -1 0 4 0 -4 3 1 2 2 0 -1 3 1 0 0 
0 11 0 7 0 1 1 -1 0 1 0 -1 0 -1 0 0 
0 -3 0 -5 0 2 0 4 0 2 1 1 0 1 0 0 
0 -8 0 -10 1 -1 4 -1 0 0 
0 -4 0 -6 0 -1 0 -1 0 -1 0 0 
0 3 0 1 1 -1 0 0 
0 6 0 5 0 -1 0 -1 0 -1 3 1 0 0 
0 1 0 0 
0 0 
0 0 
0 -3 0 -3 0 1 0 4 0 3 0 -2 0 -3 0 -1 3 1 0 1 0 0 
0 13 1 -1 0 -1 0 2 0 -1 0 -3 0 -1 3 -2 0 -3 0 -1 0 0 
0 7 0 6 4 -2 0 -2 3 -1 0 0 
1 2 1 -1 0 -1 0 -1 0 0 
0 -2 2 2 0 1 1 -1 0 1 0 1 0 0 
0 -1 0 1 9 1 0 0 
1 1 0 -2 0 -2 0 -2 2 1 2 1 0 2 0 0 
1 2 1 2 1 -1 1 1 0 1 0 -1 9 -1 0 0 
0 1 0 -2 0 -1 1 -1 1 1 1 -1 3 1 0 0 
0 -51 0 3 0 1 0 -1 0 12 0 10 0 -3 4 -1 0 2 0 -4 0 -1 0 1 8 1 1 1 0 0 
0 25 0 4 0 -3 0 -1 0 -9 0 5 0 -3 0 4 3 -2 1 -2 0 -2 0 -1 1 1 1 -1 1 1 1 -3 0 1 1 1 3 2 0 1 6 -1 0 0 
0 -1 1 -7 0 5 0 8 0 -2 0 -11 0 13 0 -4 0 5 0 -9 0 9 1 -2 0 -1 1 -6 0 5 0 -4 0 2 0 1 1 -2 0 2 0 -1 6 -1 13 -1 0 1 0 0 
0 3 0 6 0 22 0 -16 0 -5 1 -2 0 6 0 -4 1 14 0 -8 3 -1 1 5 0 -5 0 -1 1 -2 0 4 0 -2 0 -1 7 -1 4 1 0 0 
0 -3 0 -2 0 3 0 11 0 -3 0 -3 0 7 0 -19 0 5 0 -3 0 2 0 1 3 -1 1 1 0 11 0 4 0 2 1 1 0 -2 7 -1 0 -2 3 -1 0 0 
1 12 0 1 0 -10 0 -4 0 1 0 -12 1 10 0 -14 0 -2 0 4 0 1 0 1 2 3 0 -2 1 -3 0 1 0 -3 0 -2 0 -1 7 1 4 1 0 2 0 1 0 0 
1 9 0 7 0 10 0 7 0 -5 0 -3 0 -8 0 8 0 -5 0 4 0 1 0 -4 2 1 0 1 0 7 0 1 0 -6 0 1 1 -1 0 -3 7 -3 0 -1 3 -1 8 1 0 1 0 1 0 0 
0 10 0 4 1 10 0 9 1 -14 0 2 0 3 0 1 0 3 0 -5 0 -6 0 -2 0 -1 0 4 0 5 0 -1 0 1 0 1 2 1 0 3 0 2 0 1 3 -1 1 1 0 0 
0 6 0 18 0 7 1 20 0 -3 0 -10 0 -4 0 -6 1 -2 0 -3 0 -1 0 1 2 1 0 1 0 -1 0 -1 4 -1 5 1 0 0 
0 4 0 -3 0 -1 1 19 0 -4 0 1 0 -1 0 -1 2 2 0 4 0 -7 0 1 0 -1 0 3 6 1 2 1 2 -1 0 0 
0 3 0 -3 0 1 0 -7 0 4 0 2 0 -4 0 1 0 -1 3 -2 0 1 2 -1 0 0 
0 -4 0 3 0 2 0 -1 0 1 6 1 4 1 1 -1 0 0 
0 -4 0 2 0 -1 0 -1 1 -1 0 1 0 -1 2 -1 1 -1 2 1 1 -1 0 0 
0 -5 0 3 0 1 0 3 0 1 0 1 0 2 3 -1 0 1 1 -2 3 1 0 0 
0 -3 0 -5 0 1 0 4 0 3 2 2 0 -1 0 0 
0 -7 0 -7 0 -2 0 -1 0 -1 3 -1 0 0 
0 -2 0 -4 0 -1 0 -2 0 -1 0 0 
0 4 0 3 0 -1 0 -1 0 -1 0 0 
0 8 0 8 0 -1 0 -2 0 -1 3 1 0 0 
0 5 0 6 0 1 0 4 0 1 1 -1 0 -1 3 -1 0 0 
0 0 
0 0 
0 0 
0 -10 0 -1 1 -3 0 -5 0 3 0 5 0 1 4 1 2 -1 0 -1 0 0 
0 14 0 7 1 1 0 2 0 2 0 -1 0 -1 3 1 0 1 0 0 
0 1 0 1 2 1 2 1 0 0 
0 -1 2 1 3 1 0 0 
0 -3 3 3 0 -1 0 0 
0 -2 0 3 0 -1 0 -2 1 -1 3 -1 0 0 
0 2 0 4 1 1 0 1 0 1 11 1 0 0 
0 -3 0 1 0 -2 4 1 0 1 8 -1 0 0 
0 2 0 4 1 1 3 -1 0 -1 1 -1 0 -1 0 0 
0 -48 0 -1 1 2 0 7 0 6 0 2 0 1 0 -3 1 -1 1 -1 0 -2 2 -1 0 3 3 -1 1 1 0 1 5 -1 0 0 
0 24 0 -10 1 5 0 -21 0 9 0 -1 1 1 1 -1 1 3 0 -3 0 1 1 -1 0 1 0 1 3 1 0 1 0 1 0 0 
0 -14 0 14 0 -7 0 23 0 -11 0 -5 0 -11 0 13 0 3 0 2 1 9 1 -2 2 -1 0 2 1 1 0 -1 0 -1 1 -2 1 -1 3 -1 0 1 0 -1 0 1 5 1 0 0 
0 -1 0 14 0 13 0 -28 0 3 0 -1 0 -6 0 17 0 -1 0 2 0 9 0 -13 0 1 0 1 2 -3 0 8 0 -1 3 1 0 -1 1 1 4 -1 0 2 0 0 
0 -6 0 -18 0 -8 0 4 0 -2 0 2 0 11 0 -27 0 15 1 -6 1 4 2 1 0 1 0 -3 3 3 0 -4 1 1 5 -1 0 1 0 -1 3 1 0 -1 0 0 
0 7 0 16 0 14 0 -17 0 -2 0 -2 0 1 0 18 0 -16 0 -2 0 7 0 -2 0 -1 0 1 2 -1 0 6 0 -7 1 -1 0 2 0 -1 0 1 13 -1 0 0 
0 -11 0 18 0 -12 0 14 0 -1 1 -2 0 -6 0 4 0 1 0 -1 0 3 0 -1 0 -1 2 1 0 -4 0 2 0 -1 1 -2 0 3 0 -1 8 -1 0 0 
0 14 0 -11 0 6 0 -14 0 15 0 3 0 14 0 -7 0 -1 0 1 0 5 0 -2 0 5 3 3 0 -2 5 1 7 -1 0 0 
0 1 0 20 0 -9 1 -1 1 1 0 -1 0 -7 0 3 0 1 0 4 5 -2 1 -2 0 0 
0 -14 0 -6 0 6 0 1 0 4 0 1 0 13 0 10 0 -1 1 -1 0 4 0 4 2 -1 0 -3 0 -3 0 1 4 -1 0 -1 5 -1 0 0 
0 25 0 -11 1 -1 0 -8 0 -2 0 10 0 -3 0 -1 0 1 0 1 0 1 0 -2 0 1 1 -1 0 2 0 1 0 -1 3 -1 0 1 0 0 
0 -2 0 2 1 2 0 1 0 -1 0 1 0 0 
0 -3 0 1 0 2 2 -1 6 1 5 1 0 0 
0 -6 0 8 1 -2 0 -2 1 -1 3 1 0 -1 0 0 
0 -8 0 -1 0 -2 0 4 0 -3 0 -2 0 2 0 -1 2 -1 0 1 1 -1 2 1 0 0 
0 -3 0 -1 1 -2 0 -1 0 0 
0 4 0 7 1 -2 0 -1 3 1 0 0 
0 9 0 12 1 -1 1 1 1 -1 0 1 0 0 
0 4 0 5 0 2 0 4 0 1 0 0 
0 -2 2 -1 0 0 
0 0 
0 0 
0 0 
0 13 0 3 0 -1 0 -7 0 -9 0 -3 0 -3 0 -1 4 -2 0 -1 10 1 0 0 
0 5 0 3 0 1 0 3 0 2 0 1 0 1 0 0 
0 1 0 1 0 0 
1 1 2 -1 0 0 
1 2 1 -1 1 -1 0 1 0 -1 0 0 
1 3 0 1 1 1 0 0 
0 -2 0 4 0 -1 0 -2 3 3 0 -1 0 -1 0 1 0 -1 9 -1 0 0 
1 1 0 -2 0 1 0 -2 0 -1 0 1 0 2 0 3 0 -2 0 -1 7 -1 3 1 0 0 
0 1 0 6 0 -5 0 -1 0 1 2 -1 0 1 0 2 0 1 0 -1 1 -1 7 -1 0 0 
0 -37 0 15 0 -8 0 -4 0 -10 1 -4 0 -2 0 -4 0 2 0 -1 0 3 0 1 0 1 2 -1 0 -3 0 -2 2 1 0 1 0 2 6 1 0 1 0 0 
0 -3 0 7 0 6 0 7 0 3 2 3 0 -4 0 3 0 -1 0 -1 5 -2 0 1 0 -2 1 1 15 1 0 0 
0 21 0 -24 0 1 0 -8 0 10 0 -4 0 2 0 -8 0 -2 0 3 0 -1 0 -1 0 1 0 2 0 3 0 -2 0 2 0 1 1 -3 1 -1 1 -2 1 2 3 -1 11 1 0 0 
0 -16 0 29 0 6 0 -9 0 -4 0 -6 0 -10 0 14 0 -3 0 -1 0 6 0 -8 0 -1 0 1 0 1 0 -5 0 4 0 -2 0 3 0 -2 1 1 1 -1 0 -1 4 -1 0 0 
0 2 0 -32 0 -5 0 7 0 4 0 -2 0 10 0 -24 0 10 0 2 0 -9 0 -1 1 3 1 -1 0 3 0 -4 0 -1 0 3 1 1 0 1 0 -2 0 1 5 1 0 -1 13 -1 0 0 
0 -2 0 12 0 15 0 -22 0 -1 1 -3 0 24 0 -7 0 -1 0 1 0 -6 0 -1 0 -1 2 -1 0 10 0 -5 0 -1 1 2 0 -2 0 2 7 2 0 -1 4 -1 0 0 
0 5 0 -12 0 -13 0 27 0 -1 0 -4 0 10 0 -15 0 9 0 -2 0 -2 0 8 0 -4 2 1 0 -3 0 4 0 -4 0 1 0 -1 1 1 0 -1 6 -1 0 1 0 -1 0 1 4 -1 0 0 
0 -2 0 4 0 20 0 -8 0 4 0 1 0 -4 0 10 0 -9 0 -3 0 4 0 -4 5 4 0 -5 4 1 7 1 0 -1 0 1 0 0 
0 4 0 8 0 13 0 2 0 2 0 1 0 -1 0 -9 0 -22 0 -5 0 -1 0 3 4 -1 0 3 0 3 0 3 2 -1 9 -1 0 0 
0 6 0 -8 0 14 0 -11 0 4 0 -2 0 13 0 14 0 -6 0 1 0 13 0 -1 4 2 0 -5 0 -4 2 -1 0 -1 0 -3 6 1 1 -1 4 1 0 0 
0 -6 0 14 0 -11 0 22 0 -14 0 4 0 -2 0 -8 0 3 0 -1 1 -1 1 -2 0 1 0 -2 0 1 0 -3 0 2 2 -1 0 1 0 -2 8 -1 0 0 
0 4 0 -4 0 2 0 -6 0 5 0 2 0 -3 0 1 0 -2 1 -1 0 1 0 -1 0 1 2 1 0 -1 0 0 
0 -4 0 1 1 2 0 1 1 -2 1 1 3 -1 2 1 0 -1 0 0 
0 -5 0 2 0 1 0 -2 0 3 0 -1 2 1 3 -1 3 1 0 0 
0 -13 0 8 1 -4 0 4 0 -2 0 1 0 1 3 -3 0 1 2 -1 0 1 0 0 
0 7 0 7 0 -1 0 -2 1 1 0 -1 1 1 0 0 
0 9 0 11 1 1 1 1 0 -1 0 -1 0 1 0 0 
0 1 0 1 0 1 0 2 0 1 1 1 0 1 0 1 0 0 
0 -1 0 -1 0 0 
0 -1 0 -1 1 -1 3 1 0 0 
0 1 3 1 0 0 
0 0 
0 -7 0 -1 0 -1 0 2 0 6 0 -3 0 -1 0 1 3 -1 1 1 2 1 0 0 
0 23 0 7 1 2 0 4 0 1 0 -2 0 -1 0 1 2 -1 0 -1 0 0 
0 -1 0 -1 1 1 0 1 0 1 0 -1 0 0 
0 -6 0 -7 0 1 0 5 0 2 0 -1 0 -2 0 -2 0 -1 7 1 0 1 5 -1 0 0 
1 -10 0 -5 0 1 0 -4 1 -3 1 -2 8 1 4 1 0 0 
0 11 0 -2 0 -3 0 -6 0 5 0 2 0 -4 0 -2 0 2 1 3 0 1 0 -2 2 -1 0 1 0 1 0 -1 3 -1 1 1 0 0 
0 6 0 -8 0 -1 1 -7 0 -5 0 4 0 -5 4 2 0 -2 2 2 7 1 0 0 
0 1 0 -4 0 2 5 -1 0 0 
0 -9 0 -12 0 4 0 7 0 -1 0 2 0 3 1 1 0 -1 0 -3 0 -4 0 -2 0 1 1 -1 0 1 0 3 0 1 0 -1 4 1 5 -1 0 -1 0 -1 4 1 0 0 
0 -4 0 -1 0 -12 0 -7 2 -1 0 1 0 -5 0 1 0 7 0 3 4 1 0 2 0 2 0 1 1 -1 0 -1 1 1 7 -1 0 0 
0 -16 0 22 0 2 0 -13 0 12 0 -2 0 5 0 -2 0 -2 0 -2 1 -2 0 -2 2 -1 0 1 0 -2 0 -1 5 -1 0 0 
0 -7 0 10 0 -2 0 8 0 -7 0 -3 0 5 0 -4 0 1 1 -1 0 -3 0 3 0 -1 0 -1 0 1 0 -1 0 1 4 -1 0 0 
0 -3 0 6 0 2 3 -1 0 7 0 -2 0 -1 0 3 0 -2 5 2 1 -1 0 0 
0 11 0 -27 0 -16 0 12 0 -1 0 6 0 1 0 4 0 -6 0 -1 1 1 0 6 0 -1 1 -1 0 2 0 1 0 -2 0 1 1 -1 2 1 0 -1 3 -1 0 2 0 -1 6 1 0 0 
0 15 0 -36 0 15 0 -9 0 -5 0 -1 0 4 0 -15 0 8 0 1 0 3 0 3 0 -1 0 1 0 -1 1 2 0 -2 0 -1 0 1 1 -2 0 1 0 1 0 1 0 -1 3 -1 0 2 0 -1 8 -1 3 1 0 0 
0 -20 0 40 0 2 0 3 0 2 1 -13 0 21 0 -5 0 -1 0 -1 0 3 0 1 0 -1 1 -3 1 2 0 1 0 -1 1 -1 1 1 0 1 5 -1 0 2 0 -1 0 0 
0 8 0 -26 0 -26 0 13 0 3 0 1 0 4 0 -9 0 6 0 -1 0 -9 0 7 0 -2 2 2 0 1 1 -6 0 3 1 -1 10 -1 0 0 
0 3 0 -25 0 12 0 -2 0 1 0 -2 0 1 0 -10 0 24 0 5 1 -1 0 -1 2 1 0 -2 0 -3 0 5 0 -1 1 3 1 -1 8 1 0 0 
1 -15 0 33 0 -10 0 2 0 1 0 5 0 -3 0 10 0 -5 0 8 1 -1 0 1 2 1 0 -3 0 2 0 -1 1 -1 1 1 0 0 
0 -11 0 33 0 -6 0 5 0 5 0 2 0 -10 0 16 0 -4 0 1 0 -11 0 9 0 -2 0 1 1 -1 1 -2 0 2 0 1 2 -2 0 1 8 1 0 0 
0 25 0 -8 0 1 0 -23 0 20 0 -5 0 16 0 -11 0 -3 0 -1 1 -7 0 4 0 1 1 -2 0 5 1 -2 3 -1 0 -1 0 1 4 1 0 0 
0 14 0 1 0 -4 0 7 0 -2 0 -2 0 9 0 -5 0 2 0 -1 0 2 0 -1 0 3 2 1 1 1 0 0 
0 -1 0 -1 2 1 0 -1 0 1 4 1 0 0 
0 -2 0 1 0 1 1 1 1 1 0 -1 8 1 0 0 
0 -7 0 4 0 1 1 2 2 -1 0 -1 3 -1 0 1 0 0 
0 11 0 3 0 2 0 4 0 1 0 -1 1 -4 4 1 0 -2 0 0 
0 1 0 -2 0 2 0 -1 0 1 0 1 1 2 1 1 1 1 0 0 
0 -4 0 -2 1 1 0 0 
0 -1 0 -2 0 -2 0 -1 0 -1 6 1 0 0 
0 3 0 -3 0 2 0 -1 0 0 
0 1 3 1 0 0 
0 0 
0 -5 0 1 1 -1 0 2 0 1 0 1 5 -2 0 -1 0 1 0 1 0 0 
0 11 0 3 1 1 0 3 0 1 0 0 
0 -4 0 -1 0 1 0 1 0 1 0 -1 0 -2 0 -2 0 -1 1 1 0 2 0 2 2 -1 0 0 
0 -7 0 -6 0 -1 0 -6 0 -4 0 -1 0 -2 0 -1 2 1 0 1 4 1 0 1 5 1 0 1 0 0 
0 11 0 7 1 -8 0 -8 0 1 0 3 0 -1 3 2 0 1 2 -2 0 -2 7 1 5 1 0 0 
0 3 1 -1 1 1 3 1 0 1 0 1 0 1 4 1 0 1 6 1 0 0 
0 -6 0 7 0 2 0 -3 0 -5 1 -2 3 1 0 -1 0 -1 0 0 
0 -5 0 6 1 4 0 2 0 -1 0 -4 0 -3 0 -3 1 2 0 3 0 2 0 1 1 -1 0 -1 0 -1 0 0 
0 6 0 3 0 -2 0 -3 0 -6 0 -1 0 -4 0 -5 0 2 2 -4 0 -2 2 -1 0 -1 6 2 0 2 4 1 0 1 0 0 
0 1 1 -1 1 -1 5 -1 0 0 
0 1 6 -1 0 0 
0 -47 0 12 0 1 0 3 0 -17 0 3 0 -6 0 3 0 1 1 1 0 -1 0 -5 0 2 1 -1 0 1 0 -1 5 -1 0 -1 0 1 3 -1 0 0 
0 -4 0 -2 0 1 0 -1 0 2 1 -1 0 1 0 1 1 -1 0 1 4 -1 0 1 4 -1 0 1 6 -1 0 1 0 0 
0 -2 0 -1 0 1 0 -2 0 2 5 -2 0 1 5 -1 4 -1 0 1 0 0 
0 -1 2 1 1 1 1 1 0 -3 0 -1 0 1 0 1 11 1 0 0 
0 22 0 -28 0 -13 0 22 0 -5 2 3 0 -3 1 -4 0 7 0 -1 3 -2 0 5 0 -2 0 -1 2 2 0 -2 7 1 5 1 0 0 
0 11 0 -44 0 17 0 -9 0 -3 1 7 0 -8 0 2 0 -1 0 4 0 4 0 -1 1 1 1 2 0 -2 0 -3 0 1 1 -1 0 1 0 1 6 1 0 -2 7 1 5 -1 0 0 
0 -4 0 9 0 24 0 -11 3 -4 0 2 0 8 0 -1 0 -1 0 -4 2 -2 1 -2 0 2 0 -1 0 1 0 1 0 -1 7 -1 0 1 0 0 
0 -12 0 45 1 -4 0 3 0 -1 0 -4 0 17 0 -8 0 3 0 -5 0 4 5 1 1 -2 1 1 10 -1 0 0 
0 20 0 -4 0 -18 0 21 0 -19 1 9 0 4 0 -5 0 -2 0 5 0 -3 1 1 1 -1 1 5 0 -3 3 3 0 -2 0 -1 5 1 0 -1 13 -1 0 0 
0 5 0 -2 0 13 0 -10 0 -3 0 -2 0 -5 0 -2 0 6 0 1 0 11 0 -13 4 -2 0 -2 0 1 2 1 1 -1 0 -1 6 1 0 -1 4 -1 0 0 
0 -6 0 -4 0 -4 0 5 0 -3 0 1 0 -1 0 -5 0 -1 1 -1 0 -1 0 1 4 -2 5 -1 0 0 
0 1 0 -2 0 1 0 -5 0 2 1 -1 0 1 0 0 
0 -1 0 1 0 1 0 -1 0 -3 2 -1 0 -1 2 1 1 1 0 0 
0 -8 0 1 2 1 1 2 0 1 3 1 5 -1 0 0 
0 -12 0 -3 1 2 0 11 0 -3 0 -1 0 1 3 -3 0 3 1 1 0 -1 0 -1 0 0 
0 8 0 -17 0 -1 2 1 0 1 1 -1 0 0 
0 7 0 -8 0 3 0 -4 3 -1 3 -1 0 0 
1 4 0 2 0 -2 0 1 2 1 0 0 
0 -4 0 4 1 1 0 0 
0 1 3 1 0 0 
0 0 
1 1 1 -1 0 -3 0 3 1 1 5 -1 0 0 
0 6 0 2 1 1 0 3 0 1 0 0 
0 -17 0 -7 1 -1 0 -3 1 5 0 1 3 1 0 1 3 -2 0 0 
0 2 0 8 0 -3 0 -4 0 2 1 -1 0 3 0 1 1 -1 0 1 0 -1 0 0 
0 14 0 3 0 1 0 11 1 -2 0 -1 0 -7 0 1 0 -1 0 2 0 -2 0 -3 0 -1 3 -2 3 -1 0 1 6 1 0 0 
0 3 0 -2 0 2 0 -3 0 1 1 -1 0 2 0 -2 0 1 0 -2 0 1 6 1 0 -1 0 0 
0 -10 0 -7 0 3 0 5 0 -1 0 2 1 -1 0 -1 1 -1 0 -2 5 2 0 2 2 -1 0 -1 0 -1 8 1 0 0 
0 3 0 -1 0 -4 0 -9 2 -2 0 -6 0 3 1 3 0 2 0 2 0 -1 1 -1 0 2 0 3 6 -1 5 -1 0 -1 0 0 
0 1 0 3 1 2 0 1 1 -1 0 1 1 -1 0 -1 1 -1 0 -1 1 -1 0 -1 0 0 
0 1 0 1 2 1 0 0 
1 1 0 0 
0 -52 0 3 0 -1 0 1 0 9 0 8 0 -2 5 1 0 -2 0 -1 1 1 0 -1 5 1 0 0 
0 -9 0 -2 0 -1 0 -2 0 -2 1 -1 0 2 0 1 1 1 0 -1 4 -1 6 -1 0 0 
3 -1 2 -2 0 2 9 1 5 -1 0 0 
0 -1 2 -1 3 1 2 -1 0 1 5 1 0 -1 3 -1 0 1 0 0 
0 1 0 2 0 -1 1 2 1 -1 0 2 0 -1 0 -1 1 2 1 1 1 -1 1 1 0 0 
0 1 0 3 0 -1 0 -2 0 1 6 -1 0 -1 6 1 0 0 
0 1 0 4 0 -4 0 2 0 2 1 1 0 1 7 -1 0 1 2 -1 0 0 
0 17 0 -20 0 -13 0 19 0 -8 0 -1 0 -5 0 8 0 -3 3 -1 3 -2 0 2 0 -1 2 -1 0 2 0 -2 0 1 6 -1 0 0 
0 5 0 -7 0 12 0 -40 0 13 1 -2 0 4 0 1 1 6 0 -14 0 6 1 1 0 -2 1 2 4 -1 0 1 8 -1 4 -1 0 1 0 0 
0 -3 0 2 1 -5 0 2 1 1 0 -4 0 2 1 1 0 -6 0 3 3 -1 0 1 5 -1 0 0 
0 -1 0 -7 0 -4 0 4 0 2 1 2 0 -2 0 -1 0 -1 0 -2 0 3 0 -1 3 1 1 -1 2 -1 0 0 
0 9 0 -9 0 1 0 3 0 -1 2 -1 2 1 0 1 0 -1 0 0 
1 -2 0 1 3 -1 0 1 0 0 
0 -6 0 1 0 1 0 -1 0 1 0 -1 0 -1 0 1 5 1 0 0 
0 -13 0 4 0 -1 0 -1 0 6 0 -4 0 1 0 2 0 1 2 -2 0 -1 0 2 0 -1 1 -1 0 1 0 0 
0 3 0 -6 0 -1 0 1 0 0 
0 10 0 -12 0 -1 0 1 0 -1 1 1 1 -1 0 0 
0 9 0 -13 1 -1 1 1 2 -1 0 0 
0 2 0 -5 0 1 0 -3 0 1 0 0 
4 1 0 0 
0 0 
0 4 3 -5 0 2 7 -1 0 0 
0 -3 0 -4 0 1 0 6 0 8 0 -1 0 -3 5 1 0 1 0 0 
0 -1 0 -2 0 -1 0 -2 0 -1 0 -1 0 -1 0 -1 0 -1 2 -1 0 -1 2 -1 0 0 
0 10 0 -8 0 -1 0 6 0 -3 1 1 0 -2 0 -1 2 3 0 -1 3 -1 6 1 0 0 
0 1 0 -2 0 2 0 -3 0 2 0 1 0 -1 3 -1 0 2 0 -1 0 0 
0 -2 0 8 0 3 0 -1 0 -1 1 -1 1 1 2 1 0 -1 5 1 0 0 
0 2 0 8 0 4 0 4 0 -2 1 -1 0 4 0 4 0 1 0 1 0 -1 0 -1 3 -2 0 -2 4 -1 1 1 0 0 
0 1 2 1 0 1 0 1 0 1 0 1 2 1 6 1 0 0 
0 0 
5 -1 0 0 
1 1 0 0 
0 -47 0 2 0 -1 0 -2 0 15 0 3 1 -1 0 1 1 -1 1 1 0 -4 0 -1 0 -1 10 1 0 0 
0 -7 0 3 1 -1 0 2 1 -1 0 1 0 1 2 -1 0 1 3 -1 0 0 
0 -3 0 5 0 1 0 2 0 -3 1 -1 1 1 2 2 0 -1 3 -1 0 1 6 -1 0 0 
0 2 0 8 1 -2 1 1 1 1 0 -1 2 -1 5 -1 0 0 
0 3 0 6 0 -1 0 2 0 -1 1 1 1 2 0 1 0 2 0 -1 4 -1 6 -1 0 0 
0 -1 0 3 0 5 0 2 0 1 1 -1 0 -1 1 1 0 1 0 -1 0 0 
0 -4 0 -2 0 3 0 -4 0 1 1 1 1 -1 1 -1 0 1 4 1 0 0 
0 1 0 5 0 1 3 1 0 1 0 1 0 1 0 -1 0 -1 3 -1 0 -1 0 -1 0 -1 0 -1 0 0 
0 21 0 -6 0 -3 0 16 0 -16 0 6 0 -10 0 4 0 -1 0 -2 2 3 0 -2 2 -2 6 -1 0 1 0 -1 3 -1 0 1 0 0 
0 -19 0 9 0 1 0 -5 0 3 0 1 0 -10 0 6 3 1 0 -2 0 1 1 -2 2 1 0 0 
0 -4 1 -1 1 -1 0 -1 1 -1 4 -1 0 0 
1 1 1 1 0 -1 0 0 
0 13 0 -6 0 -1 0 -1 2 4 0 -2 2 -1 1 1 0 1 0 0 
0 -2 0 1 0 2 0 -1 0 1 0 1 0 -1 0 1 0 -1 1 1 0 -1 0 1 0 0 
0 -7 0 2 1 -2 0 -3 1 -1 0 1 3 1 0 0 
0 -13 0 5 1 7 0 -12 0 -5 0 5 5 2 0 -2 0 -1 0 0 
0 2 0 -2 0 -1 0 2 0 -1 2 1 0 0 
0 9 0 -9 0 -1 0 1 0 0 
0 8 0 -10 0 -1 0 1 1 1 2 -1 0 0 
0 -1 3 1 0 0 
0 -1 0 -1 1 1 0 0 
0 3 0 -1 1 1 0 -4 0 2 0 -1 6 -1 0 0 
0 -16 0 -5 2 6 0 3 0 3 0 1 4 -1 2 -1 0 0 
0 0 
0 0 
0 11 0 -9 0 -1 0 4 2 3 0 -2 0 -1 2 2 0 0 
0 2 0 -5 1 1 0 -1 0 1 0 -1 0 1 0 -1 3 -1 4 1 0 0 
0 1 0 -2 0 1 0 -1 0 1 2 1 0 0 
0 -2 0 -1 0 0 
0 1 0 -1 1 -1 0 2 1 -1 0 0 
0 1 3 -1 0 -1 0 0 
0 0 
0 -43 0 2 0 1 0 -2 0 13 0 4 0 1 4 -1 0 -1 0 -4 0 -1 1 1 6 -1 2 1 0 -1 0 0 
1 5 0 -2 1 3 0 1 0 -1 0 -1 0 1 6 1 0 1 0 0 
0 1 0 4 1 1 2 1 0 -1 2 -1 0 1 0 1 2 1 0 -1 0 1 0 -1 5 1 0 0 
0 -1 0 1 0 -1 0 4 4 -1 2 2 0 -1 2 -1 1 -1 0 0 
0 -2 0 -4 0 -1 1 1 0 -1 0 -1 0 -2 0 -2 0 1 0 -1 0 2 5 1 0 -2 4 1 7 1 0 -1 0 0 
0 -4 0 -4 0 1 0 -4 0 -2 3 -1 0 -1 7 1 1 -1 1 -1 0 0 
0 3 0 3 4 -1 2 1 0 -1 0 1 5 -1 1 -1 3 -1 0 0 
0 6 0 2 1 -1 0 -1 5 -1 0 1 7 1 2 1 0 0 
0 10 0 5 0 -3 0 -8 0 -5 0 4 0 4 0 4 0 -1 1 -1 0 -2 0 -2 0 -2 1 1 0 1 1 -1 3 1 0 1 0 0 
1 6 0 3 0 2 0 9 0 2 0 5 0 -1 3 2 0 2 0 2 0 1 0 2 0 0 
0 -14 0 7 0 1 0 4 0 -5 0 -3 0 2 3 -1 0 1 1 -1 2 1 0 -1 0 0 
0 1 0 2 0 -1 0 1 0 -1 1 1 0 -1 3 1 0 0 
0 1 0 -1 0 -1 0 3 0 -2 0 1 0 -2 0 2 3 -1 3 1 0 0 
0 9 0 -6 0 -2 1 -1 0 -1 0 1 0 -2 2 -1 1 -1 3 1 0 -1 0 -1 0 0 
0 -7 0 1 1 -2 0 2 1 1 0 1 0 1 1 1 0 -1 0 -1 0 1 1 1 1 -1 0 0 
0 -28 0 4 0 -1 0 2 0 -12 0 1 0 -3 0 -1 4 -3 0 2 0 1 9 -1 0 1 2 1 0 0 
0 0 
0 4 0 -2 1 1 0 -1 0 0 
0 6 0 -4 0 -1 0 1 0 1 0 1 0 0 
0 -1 0 -1 0 0 
0 0 
0 -1 0 0 
0 -4 0 -4 0 -2 0 -4 1 1 1 -2 4 1 0 1 1 1 0 0 
0 -1 0 0 
0 0 
0 0 
0 6 0 -7 0 -1 0 4 2 1 0 -1 0 1 1 -2 0 2 5 1 0 -1 0 0 
0 4 0 -9 0 5 0 -4 0 -1 2 1 0 -2 1 1 0 -1 5 1 0 -1 0 0 
0 1 0 -1 0 -1 4 1 0 0 
0 1 0 -1 1 1 0 -3 3 1 4 1 0 0 
0 1 0 -1 0 1 0 1 0 1 0 1 4 1 7 -1 0 0 
0 2 0 -1 1 -1 0 1 1 -1 0 1 0 0 
0 -30 0 -7 0 1 0 -7 0 -11 0 2 0 5 1 -1 2 3 0 6 3 -1 0 -1 6 -2 0 -1 3 -1 0 0 
0 -3 0 1 1 3 0 2 0 -1 0 1 0 -1 6 -1 0 1 0 1 6 1 0 0 
0 -1 0 1 1 -1 5 -1 1 1 0 1 0 0 
0 -2 0 1 0 1 1 2 0 -1 1 -1 2 1 0 2 0 1 3 1 0 -1 5 1 0 0 
0 -7 0 -1 0 -1 0 -4 0 -2 3 -4 0 1 0 -2 1 1 4 1 0 1 0 1 2 1 0 1 0 0 
0 3 0 3 0 -2 0 -1 2 1 0 1 0 1 2 1 4 -1 1 1 0 1 1 -1 0 0 
0 3 0 6 0 1 1 -1 1 -1 0 1 0 1 1 1 0 1 3 1 1 -1 3 1 0 1 8 1 0 0 
0 2 0 6 2 1 0 1 0 1 0 -1 1 -2 0 -2 0 1 0 -1 4 1 3 1 0 0 
0 34 0 5 0 -1 0 -2 0 -28 0 8 0 1 0 -2 2 1 0 -1 0 1 1 -1 0 -2 3 1 4 1 0 1 0 1 0 0 
0 -6 0 -3 0 -1 0 3 0 2 0 -4 0 3 0 -2 2 -1 0 1 0 -1 2 -1 0 1 0 -1 0 0 
0 -10 0 -1 0 -1 0 -1 0 -3 2 -2 2 -1 0 0 
0 -3 0 2 1 1 8 -1 4 -1 0 0 
0 -3 3 1 2 1 3 -1 0 0 
0 11 0 -3 1 -2 0 -1 0 1 0 1 0 -1 3 -1 0 1 0 0 
0 -1 0 -4 4 1 0 -2 3 1 5 -1 0 0 
0 -33 0 7 1 -3 0 7 0 -1 0 -5 0 2 0 1 3 3 0 -2 1 -1 8 1 0 -1 0 0 
0 0 
0 1 2 1 0 0 
0 5 0 -3 6 -1 0 0 
1 -1 0 0 
0 0 
0 0 
0 0 
0 0 
0 0 
0 1 0 1 0 0 
0 0 
0 0 
0 2 0 -5 0 -3 0 2 3 2 0 -2 0 -1 0 1 0 0 
0 2 0 -12 0 -4 0 1 0 1 2 -1 0 1 0 1 0 -2 7 -1 0 0 
0 4 0 -5 0 -5 0 -4 0 3 1 -3 0 2 0 6 1 -2 0 1 0 -1 5 1 0 -3 0 1 2 1 0 0 
0 -8 0 -1 0 -16 0 -5 0 2 0 -2 0 4 0 7 0 10 1 5 0 1 0 -1 2 1 1 -2 0 -2 0 -3 0 1 3 1 0 0 
0 1 0 32 0 -7 0 -2 0 2 1 1 0 -2 0 -3 0 3 0 1 2 -1 1 -1 2 -1 0 -1 1 -1 0 0 
0 -12 0 28 0 -11 0 4 0 2 1 1 0 -2 0 5 0 -1 0 -3 0 2 0 -1 0 -1 1 -1 1 -1 0 3 2 -1 0 0 
0 -4 0 9 0 -5 0 6 0 -2 0 -1 0 2 0 -5 0 1 0 -1 0 2 2 -1 2 1 0 -2 0 -1 2 1 0 1 0 -1 0 1 13 -1 0 0 
0 -8 0 3 0 -2 0 2 0 2 2 -1 2 -2 5 -1 0 1 0 1 0 0 
0 -1 0 5 0 1 0 -2 1 1 0 -1 1 1 0 1 0 2 6 1 1 2 3 -1 0 0 
0 2 0 7 0 -1 0 -2 3 -1 1 -1 1 1 5 1 0 1 0 -1 2 1 8 -1 0 0 
0 2 0 6 0 1 2 1 0 -1 0 -2 1 1 1 1 0 0 
0 -1 0 2 1 3 0 -1 0 -1 0 -1 0 2 0 2 0 -1 1 -1 1 1 5 -1 3 -1 0 0 
0 32 0 23 1 13 0 1 0 2 0 -10 0 -4 0 -1 1 -1 0 -5 0 -4 0 3 0 1 1 -1 0 1 0 -1 4 2 1 -1 0 0 
0 -10 0 1 0 1 1 4 1 -1 1 1 2 -1 3 1 0 0 
0 -8 0 1 0 -1 1 1 0 -1 1 -1 0 1 0 0 
0 -2 0 -2 0 1 1 -1 1 1 0 -1 0 0 
0 -1 3 -1 0 0 
0 7 0 1 1 1 0 -3 0 1 0 -1 0 1 8 -1 0 0 
0 -1 1 1 0 -2 0 1 0 0 
0 -9 0 5 0 1 0 -5 0 1 1 6 0 -2 3 3 0 -4 0 1 0 -1 0 2 0 -1 0 0 
0 -8 0 6 0 -2 0 8 0 -7 0 -3 0 6 0 -3 3 -2 0 3 0 -1 1 1 0 0 
0 0 
0 3 0 -1 0 0 
0 0 
0 0 
0 0 
0 0 
1 1 0 0 
1 1 0 0 
1 1 0 0 
0 0 
1 -1 0 0 
0 1 0 0 
0 2 0 1 1 -1 0 -1 0 0 
0 10 1 -1 1 5 0 1 0 1 4 1 0 0 
0 1 0 -1 1 1 0 0 
0 -1 0 -2 0 0 
0 1 0 -2 0 0 
0 -5 0 5 0 6 0 -6 0 2 1 2 0 -6 0 5 0 3 0 -3 0 1 5 1 0 -2 0 1 1 -1 0 0 
0 -22 0 34 1 2 0 -2 1 -5 0 14 0 -1 0 -2 1 2 1 1 2 -2 0 4 3 -1 1 1 7 1 0 0 
0 -4 0 11 0 -2 0 4 3 -3 0 1 1 1 1 -1 5 -1 2 1 0 0 
0 1 0 6 0 -1 0 2 0 -1 2 1 0 3 0 -1 0 -1 0 -1 4 1 0 -1 0 -1 2 -1 0 0 
0 11 0 18 0 -8 0 -11 0 -3 1 1 0 4 0 5 0 -1 0 1 0 1 4 -1 0 -3 0 -2 0 1 1 1 0 1 0 1 0 0 
0 16 0 33 0 3 0 5 0 -5 0 -1 0 -3 0 -9 0 -2 1 -5 0 -1 2 -1 0 1 1 1 0 -1 3 1 2 -1 0 0 
0 1 0 3 0 1 0 1 0 2 0 1 0 2 0 1 0 1 2 1 0 1 0 1 0 1 0 1 9 1 0 0 
0 -1 0 1 0 1 0 -1 0 1 2 -1 3 1 0 0 
0 -22 0 5 0 3 0 4 0 -4 1 -2 0 4 2 1 1 -1 4 1 4 1 0 0 
0 -5 0 -1 0 1 1 -1 5 1 0 0 
0 -1 0 -3 0 1 0 2 0 2 1 1 0 0 
0 2 0 -9 0 -1 0 1 0 0 
0 5 0 -9 0 2 0 -5 0 1 0 1 0 1 0 -1 2 1 0 -1 0 0 
0 -3 0 1 0 -1 1 -1 3 1 3 1 2 -1 0 1 0 0 
0 -35 0 6 0 1 0 1 0 -4 0 5 0 -8 0 1 4 -2 0 1 1 2 0 -1 8 1 3 1 0 0 
0 0 
0 3 0 -1 0 0 
0 1 0 0 
0 0 
0 0 
0 0 
0 0 
0 0 
0 0 
0 0 
1 1 0 0 
0 0 
0 4 1 1 1 -1 2 -1 0 0 
0 8 0 1 2 3 0 1 0 -1 0 -1 0 0 
0 1 0 -1 1 -1 0 -1 0 0 
0 -1 0 1 5 -1 0 -1 0 0 
1 -2 0 1 0 1 0 0 
3 -1 0 0 
0 1 0 2 1 -2 0 -2 3 -1 2 1 0 1 3 -1 0 0 
0 -4 0 9 0 7 0 -4 1 -1 1 -3 0 5 0 2 0 -2 1 -1 2 -1 0 -1 1 -1 0 1 0 0 
0 6 0 17 0 8 0 6 0 -3 0 -1 0 -2 0 2 0 3 0 1 1 -2 1 -1 1 -1 0 0 
1 2 0 1 1 1 1 1 0 1 0 1 1 1 0 1 0 0 
1 2 0 1 1 -1 0 0 
0 -1 0 -1 2 -1 1 1 0 0 
0 -2 0 -4 0 1 0 3 0 1 2 -1 0 0 
0 -18 0 -1 0 1 0 -7 1 -1 0 1 0 -1 2 1 0 -1 6 1 0 0 
0 -8 0 2 0 -2 0 1 0 -2 3 -1 2 -1 0 0 
0 -1 0 -1 0 -1 4 -1 0 0 
0 -1 0 0 
0 5 0 1 1 1 0 -2 0 1 0 0 
0 3 1 -1 0 -4 0 6 0 1 0 -1 0 -1 3 -1 0 1 2 1 1 -1 0 0 
0 -27 0 3 0 -1 0 -1 0 18 0 -2 0 -1 0 -1 0 1 3 2 0 -3 0 1 0 -1 12 1 0 0 
0 0 
0 2 3 -1 0 0 
0 1 0 0 
1 1 0 0 
1 1 0 0 
1 1 0 0 
0 0 
0 0 
0 -1 0 0 
0 0 
1 1 0 0 
1 1 0 0 
0 2 2 1 0 -1 1 -1 0 0 
0 6 0 -6 0 2 0 -1 0 2 0 1 0 1 0 0 
0 -1 0 -2 5 1 0 0 
0 1 0 -1 1 -2 0 0 
1 3 6 -1 0 0 
1 1 1 1 0 1 0 0 
0 3 0 1 1 2 0 1 0 -1 6 -1 0 0 
0 0 
3 1 0 0 
0 0 
0 -1 0 1 2 -1 1 -1 0 0 
0 -7 0 -2 0 -2 0 2 0 -3 1 -2 0 1 7 1 0 0 
0 -3 0 -5 0 -1 0 -1 0 1 2 -1 4 -1 0 1 0 0 
0 -9 0 4 0 1 0 -3 2 -1 9 1 0 0 
0 -16 0 3 0 1 0 1 0 -5 4 -1 1 -1 0 0 
0 -2 0 -1 6 1 0 0 
0 -1 0 -1 0 -1 1 -1 0 0 
0 9 0 -1 2 -1 2 -1 0 0 
0 6 2 2 0 1 0 -1 5 1 0 -1 3 1 0 0 
0 -20 0 5 0 -1 0 -5 0 14 0 -6 0 4 0 2 0 1 2 -1 0 -1 0 2 1 -1 0 1 8 1 2 -1 0 0 
0 0 
0 2 3 -1 0 0 
0 1 0 0 
0 0 
1 1 0 0 
0 0 
0 0 
1 1 0 0 
1 1 0 0 
1 1 0 0 
0 0 
0 0 
1 1 0 0 
0 3 0 -3 0 -1 0 2 0 -1 1 -1 0 1 0 -1 3 1 0 0 
0 3 0 -8 0 1 0 -2 0 -2 0 1 0 2 0 -1 3 -1 0 -1 0 0 
0 1 0 3 1 1 3 -1 0 0 
1 -1 0 1 1 1 0 0 
0 -4 0 -2 0 -1 0 -1 0 1 0 0 
0 2 0 -2 0 -1 1 1 0 1 0 1 0 -1 0 0 
0 1 3 1 0 0 
2 1 0 0 
0 -1 0 -2 0 1 0 1 0 0 
0 -2 1 -1 0 -2 0 2 2 1 0 -1 1 1 0 -1 5 -1 0 0 
0 -1 0 2 0 -3 0 -1 0 2 1 1 0 -1 0 0 
0 -3 0 4 0 2 0 2 0 1 2 -1 0 -1 1 -1 0 -1 4 1 0 0 
0 -5 0 1 0 1 0 2 0 3 3 1 1 1 0 0 
0 -19 0 -2 1 -1 0 -4 0 -1 4 -1 12 1 0 0 
1 -2 0 0 
3 -1 0 0 
0 9 0 1 2 -1 0 1 0 0 
1 2 1 1 0 4 0 2 1 1 8 -1 0 0 
0 -5 0 2 1 -2 0 5 0 1 5 -1 0 1 0 0 
0 -16 0 7 1 8 0 -13 0 -5 0 4 4 1 0 1 0 -2 1 -1 0 1 7 1 0 0 
0 3 0 1 0 0 
0 1 0 0 
0 2 0 0 
0 0 
0 0 
0 0 
0 0 
0 0 
1 1 0 0 
1 1 0 0 
0 0 
0 1 0 0 
0 1 0 0 
0 3 0 -2 0 1 0 3 0 -6 0 3 0 -3 0 -1 3 1 0 1 0 1 0 -1 0 0 
0 1 0 -4 1 -3 0 4 0 1 0 -2 4 1 0 0 
0 -1 0 -2 0 -1 1 -1 2 1 9 1 0 0 
1 -3 1 -1 1 1 2 1 3 -1 0 0 
0 1 0 -3 1 -2 0 -8 0 2 0 2 1 -1 3 1 0 1 0 -1 0 -1 0 -1 0 0 
1 -1 0 0 
6 -1 0 -1 0 0 
0 -1 0 2 2 -1 1 -1 0 0 
0 -1 0 -3 1 1 0 -1 2 1 3 1 0 0 
0 -7 0 -9 1 3 3 1 5 -1 0 0 
0 1 0 -6 0 2 0 1 0 -2 1 -2 0 -2 0 -1 2 1 1 -1 2 1 1 -1 0 0 
0 -18 0 -12 0 2 0 -1 0 2 0 -1 0 2 0 2 0 -1 2 -1 0 1 0 0 
0 -5 0 -3 0 -1 0 -4 0 -2 0 -1 0 -2 0 -2 3 -1 0 0 
0 -2 0 1 0 0 
0 2 2 1 0 -1 0 0 
0 7 0 2 1 -1 1 1 1 1 3 1 0 0 
1 -2 0 -1 0 -1 0 4 0 1 0 -2 0 1 4 1 0 0 
0 1 0 -1 0 1 0 -2 0 4 0 -1 0 1 0 0 
0 -29 0 7 0 -1 0 -1 0 -3 0 3 0 -7 0 1 0 1 6 2 0 -2 12 1 0 0 
0 3 0 2 0 0 
0 1 0 0 
0 1 0 0 
0 0 
0 0 
0 0 
0 0 
0 0 
0 0 
0 0 
1 1 0 0 
0 0 
0 0 
1 1 0 1 0 -1 3 -1 0 0 
0 9 0 -13 2 -1 0 -1 0 3 0 -3 2 1 1 2 0 -1 1 1 0 0 
1 -7 0 3 0 -1 0 1 1 -1 0 1 5 1 0 0 
1 -7 0 1 0 2 0 -4 0 2 0 1 0 1 0 1 1 -1 0 -1 4 -1 0 0 
0 6 2 1 0 -4 0 -2 0 -3 0 -1 3 -1 1 -1 0 -1 0 1 0 0 
0 -2 0 -4 0 1 2 1 0 -1 9 -1 0 0 
0 -2 0 -1 1 -1 0 2 2 1 0 -1 0 0 
0 -2 0 -1 0 -2 0 -1 0 0 
0 -6 0 -2 0 -1 0 2 0 2 0 1 0 -2 0 1 3 -1 0 1 0 -1 0 0 
0 -9 0 -5 3 -1 0 -2 1 -1 3 -1 0 0 
0 -9 0 -10 0 -1 0 -1 0 2 1 1 1 -1 0 0 
0 -4 0 -5 0 -2 0 -3 0 -1 2 -1 0 -1 1 -1 0 0 
0 -2 0 -1 0 0 
0 -1 0 1 0 0 
0 1 1 1 1 -1 0 0 
0 10 0 1 2 1 0 1 2 -1 2 -1 0 0 
0 3 0 1 0 1 1 2 1 1 0 1 0 -1 0 1 1 1 0 0 
0 3 0 1 0 -1 0 2 0 -3 0 -1 0 2 0 -1 8 1 0 0 
0 -14 0 6 0 1 0 -5 0 1 0 -2 0 4 0 -2 0 1 2 1 0 -3 0 1 2 1 6 1 0 -1 0 0 
0 3 0 7 0 -1 0 2 0 -2 0 -1 0 2 0 -2 0 1 2 -1 0 1 0 -1 1 1 0 0 
0 2 0 -1 0 0 
0 1 0 0 
0 1 0 0 
0 0 
0 0 
0 0 
0 0 
0 0 
0 0 
0 0 
0 0 
0 0 
0 0 
0 -13 0 -6 1 5 0 -15 0 -5 0 3 1 -1 1 1 4 -2 0 1 8 -1 0 1 0 0 
0 3 0 -16 0 -2 0 2 2 1 1 -1 0 0 
0 8 0 -13 0 2 0 -4 0 -2 3 -1 2 -1 0 0 
0 7 0 -7 0 2 0 -1 0 -2 2 -1 0 -1 0 0 
0 -1 0 -3 0 3 0 1 3 -1 0 0 
0 -2 0 -8 0 2 0 3 1 1 0 1 1 -1 1 -1 0 1 0 0 
0 -2 0 -10 2 -1 1 -1 0 0 
0 -10 0 -12 0 2 0 -1 1 1 0 1 1 -1 4 -1 0 0 
0 -7 0 -9 0 -1 0 -3 0 1 0 -2 0 1 1 -1 3 1 0 1 0 0 
0 -3 0 -2 0 -1 0 -3 0 -1 1 1 0 0 
0 -1 1 1 0 1 2 -1 1 -1 0 0 
0 -3 0 -4 0 1 0 1 19 1 0 0 
0 -1 0 -1 5 1 0 0 
0 1 3 -1 1 -1 0 0 
0 2 0 -5 0 -1 0 1 0 2 1 1 5 -1 0 0 
0 11 0 -9 0 -2 0 2 0 -2 2 -3 0 -1 2 1 0 -1 3 -1 0 0 
0 -1 0 -2 1 -3 0 -1 0 1 0 -1 0 1 0 0 
0 -6 0 3 0 1 0 -3 0 1 1 1 0 1 3 -1 0 1 2 -1 0 1 0 0 
0 -5 0 7 0 1 0 -1 0 -6 1 -3 0 1 0 1 3 -2 11 -1 0 0 
0 2 3 -1 0 0 
0 1 0 0 
0 1 0 0 
0 0 
0 -1 0 0 
0 -1 0 0 
0 0 
0 0 
0 0 
0 0 
0 0 
0 0 
0 0 
0 -27 0 3 1 2 0 -14 0 2 0 -3 4 1 0 -2 0 3 0 0 
1 -1 1 1 0 0 
0 12 2 1 0 -3 1 -2 5 -1 0 1 2 1 0 0 
0 2 0 -8 0 -1 0 1 0 -1 0 1 0 1 0 -1 0 -1 3 1 0 0 
0 1 0 -11 0 -1 2 1 2 -1 3 1 0 0 
0 -3 0 -8 1 -1 0 2 0 0 
0 -4 0 -12 0 1 0 2 0 1 0 0 
0 -6 0 -8 0 -2 0 -4 0 -2 7 1 0 0 
0 -2 0 -2 0 -2 0 -1 0 0 
0 -1 0 -1 1 1 3 1 0 0 
0 -3 0 -1 0 -1 0 0 
0 -1 0 1 1 -2 0 -1 0 0 
0 1 0 2 2 1 0 0 
0 1 0 4 4 -1 4 1 0 0 
0 1 0 2 0 1 1 -2 1 1 0 0 
0 4 0 3 2 -2 0 0 
0 3 0 2 1 2 0 3 0 1 2 1 2 1 0 -1 0 1 0 0 
0 -1 0 1 0 1 0 -2 0 1 2 1 3 -1 0 1 0 0 
0 3 0 3 2 -6 0 -1 0 3 0 -1 4 -1 3 1 0 0 
1 1 2 -1 0 0 
0 1 0 0 
0 1 0 0 
0 1 0 0 
0 0 
0 0 
0 0 
0 0 
0 0 
0 0 
0 0 
0 1 0 0 
0 0 
0 -31 0 3 0 1 0 -1 0 14 0 1 0 -4 4 -2 0 2 0 -2 0 1 1 1 0 -1 0 0 
0 1 0 -1 1 -2 0 -1 0 1 0 1 0 0 
0 2 0 1 0 1 0 3 0 3 0 1 0 0 
1 -3 2 -1 0 0 
1 -5 0 -1 0 1 0 0 
0 -2 0 -6 0 -1 0 -1 0 1 1 1 1 -1 0 0 
0 -2 0 -2 1 -2 3 -1 0 -1 0 0 
0 -1 2 1 3 1 0 0 
0 -1 0 0 
0 -1 0 -1 9 1 0 0 
0 -1 0 1 0 -1 0 -1 2 -1 0 0 
0 1 0 2 4 1 0 0 
0 -1 2 1 0 1 0 0 
0 1 0 -2 1 -1 2 1 0 1 0 0 
0 6 0 4 0 -1 0 -3 0 -2 0 1 0 2 4 -1 4 1 0 0 
0 6 0 8 0 -1 0 -1 0 1 0 -1 0 1 0 -1 0 1 2 -1 0 0 
0 -2 0 2 1 1 0 3 0 1 0 1 0 -1 4 1 0 0 
0 1 0 1 1 -1 0 -1 0 1 0 1 0 2 3 -1 0 -1 0 0 
0 -7 0 2 0 -2 0 2 0 1 0 1 0 -1 1 1 1 1 0 -2 0 2 0 -1 1 -1 0 0 
0 -1 0 1 0 0 
0 0 
0 1 0 0 
0 1 0 -1 0 0 
0 0 
0 -1 0 0 
0 0 
0 0 
0 0 
0 1 0 0 
0 0 
0 0 
0 0 
0 -29 3 16 1 1 5 -1 0 -3 0 1 0 0 
0 5 0 2 1 -1 0 -3 0 1 0 0 
0 -3 0 -2 2 -1 1 1 0 0 
0 -2 0 -2 0 -1 0 0 
1 -1 0 -1 0 0 
0 1 0 0 
0 1 3 1 0 -1 0 0 
0 -1 0 -1 0 1 1 1 0 -1 0 0 
0 -1 0 -1 0 1 3 1 0 0 
0 -1 2 -1 1 -1 2 -1 1 -1 0 0 
1 1 0 1 0 0 
0 -1 0 -3 0 1 8 -1 0 0 
0 -1 0 -1 0 1 0 -2 0 0 
0 1 0 -1 0 1 0 1 2 1 9 1 0 -1 0 0 
0 15 0 -4 0 4 0 -5 0 -1 1 3 0 -3 2 3 0 -3 4 1 5 1 0 -1 0 0 
0 5 0 1 0 3 0 -2 0 -1 1 2 0 -3 0 1 1 1 0 -2 0 -2 0 1 3 -1 6 -1 0 0 
0 -5 0 2 0 -2 0 2 0 -2 0 -2 0 3 0 -3 0 1 2 -2 0 1 0 0 
1 1 0 -2 0 -1 1 1 0 -1 0 1 0 -2 0 1 0 3 0 1 0 1 0 -1 2 -1 0 -3 0 -2 0 -1 1 1 0 1 0 1 21 1 0 0 
0 -6 1 2 0 -4 0 3 0 -1 0 1 0 3 2 -2 1 1 0 1 3 -2 0 -1 2 1 0 1 9 1 0 0 
0 -2 0 1 0 0 
1 1 0 0 
0 1 0 0 
0 1 0 0 
0 1 0 0 
0 -1 0 0 
0 0 
0 0 
0 1 0 0 
0 0 
0 0 
0 0 
0 0 
0 -32 0 -5 1 2 0 8 0 4 0 5 4 -1 0 -2 0 -2 1 -1 0 0 
0 7 2 2 0 -1 0 -1 0 -1 0 -1 8 1 0 0 
0 -1 0 -2 2 -2 1 1 0 0 
0 -1 0 1 1 -1 0 0 
1 1 3 1 0 0 
0 0 
0 -1 0 -1 0 -1 0 0 
0 -1 0 -1 0 -1 0 -1 0 -1 0 0 
0 -1 0 -1 0 -1 0 1 2 -1 0 0 
1 -2 0 -1 4 1 0 0 
0 -1 0 -2 0 -1 4 -1 0 -1 0 0 
3 -1 0 0 
3 1 0 0 
3 -1 0 -1 2 1 0 0 
0 4 0 1 2 -1 0 1 0 -1 0 0 
0 12 0 -5 0 -2 0 -2 0 4 0 1 0 1 1 -1 2 -1 0 2 0 -1 0 0 
0 -14 0 -5 0 2 0 -1 1 1 1 3 2 -1 0 -5 1 1 1 1 0 -1 13 -1 0 0 
0 2 0 4 0 2 0 -2 0 1 0 2 0 -1 0 -4 1 -2 0 -1 0 -2 0 1 3 1 0 1 4 1 0 1 0 0 
0 1 1 -1 0 -1 0 -1 1 1 3 1 0 1 6 1 0 0 
0 -2 0 1 0 0 
0 -1 0 1 0 0 
0 0 
0 0 
0 1 0 0 
0 0 
0 0 
0 0 
0 0 
0 0 
0 1 0 0 
0 0 
0 0 
0 -25 0 -7 0 -1 0 -6 0 -15 0 -1 0 1 4 2 0 3 2 1 0 1 0 0 
0 2 0 -1 2 2 0 1 0 0 
0 1 3 -2 0 -1 6 1 0 1 0 0 
0 1 3 1 0 0 
0 -1 0 1 3 1 7 1 0 0 
3 -1 1 -1 0 0 
1 1 2 1 0 0 
0 -1 0 1 0 0 
0 -2 0 2 1 -1 0 0 
1 2 1 1 0 0 
0 -2 0 1 4 1 0 0 
0 0 
1 -1 4 1 0 0 
0 1 0 1 0 0 
0 4 0 -1 1 1 0 0 
0 18 0 -2 3 -2 0 1 0 -1 0 -3 0 1 0 3 0 1 3 -1 1 -1 0 -1 0 0 
0 -4 0 6 0 3 0 2 0 1 1 -2 1 -1 0 -3 0 -1 0 -1 0 -1 2 -1 2 -1 4 -1 0 0 
0 7 0 -1 0 -1 0 4 0 -4 0 1 0 -3 1 -1 1 -1 2 1 0 0 
0 -4 0 -1 0 3 0 -3 0 1 0 1 0 -1 0 1 0 1 2 -1 0 -1 0 -1 1 -1 0 -1 0 0 
