51 2 0 0 0 0 -4 -5 0 5 4 -1 -7 -4 4 5 5 12 7 -4 -3 11 24 19 6 1 -1 -11 -18 -6 2 -6 
-36 2 -1 0 0 0 -4 -5 2 5 3 -3 -7 -1 4 4 4 10 4 -4 4 26 21 10 1 -1 -7 -19 -9 6 5 -7 
-43 1 0 0 0 -1 -4 -3 3 5 1 -5 -5 1 4 2 3 5 0 1 24 24 14 4 -2 -7 -16 -12 8 9 0 -5 
-48 0 0 -1 1 -1 -4 -1 3 4 -1 -5 1 7 6 -1 -3 -5 -1 16 31 17 4 -2 -7 -13 -10 7 11 6 -4 -14 
-42 1 -1 0 1 -2 -3 0 3 3 6 -1 -6 11 4 3 3 7 -7 10 25 6 -3 -9 -12 -7 10 13 9 -4 -17 -18 
-25 0 0 0 0 -2 -2 1 3 13 27 28 -24 -31 -10 6 3 4 -2 8 12 16 -6 -12 -6 13 15 11 -4 -17 -19 -7 
-18 0 -1 0 1 -2 -1 1 7 5 -5 30 13 -3 -29 -14 3 1 1 4 7 10 4 -10 13 16 13 -1 -17 -22 -7 8 
-25 0 -1 0 0 -2 -1 -1 0 -5 0 26 30 -31 35 -10 -30 -2 -5 -2 7 7 9 12 11 13 3 -14 -24 -10 13 13 
-41 -1 -1 0 0 -2 -5 -2 -1 1 -5 5 57 1 7 -19 -5 -10 -6 -7 -7 4 9 9 27 12 -9 -24 -12 14 15 1 
-47 -1 0 0 1 -9 -6 -2 0 3 -2 -4 45 19 -10 -5 -2 3 -4 8 1 -24 -8 13 14 22 -18 -12 15 15 0 -10 
-42 -1 -1 2 1 -19 -6 3 1 3 -1 2 30 25 -17 7 1 -5 8 -5 -24 15 -18 3 12 16 -2 15 12 -2 -14 -19 
-23 -1 0 10 -20 -16 -1 3 4 -1 1 1 35 30 -29 7 6 -1 15 -21 -5 9 -3 -21 9 13 19 12 -3 -16 -17 -1 
-19 0 -1 9 -33 -4 1 1 -2 2 3 0 43 32 -40 -2 12 14 2 -3 -6 -5 19 -38 4 6 20 15 -20 -13 2 1 
-20 0 4 -9 -22 6 15 -20 5 -12 6 13 11 62 5 -4 -37 5 9 3 -9 5 -21 3 -12 6 11 7 -16 5 6 -3 
-23 1 3 -23 -6 23 -2 -28 6 5 9 -10 -3 53 37 5 5 -17 -40 -21 32 15 -31 1 -4 1 9 15 11 -19 -8 6 
-25 1 0 -25 13 8 -11 -18 7 6 -4 -2 -1 39 55 6 1 -2 -1 -5 -7 -46 8 9 -5 -15 2 20 40 -14 -23 -13 
-24 1 -1 -22 26 -6 -21 3 1 -6 -1 0 -1 35 54 8 -2 -9 -3 5 5 -11 -51 30 6 -14 -13 12 50 5 -14 -21 
-45 2 -1 -12 16 1 -9 -16 -4 0 -3 0 -2 30 53 5 0 2 12 1 -9 -14 -69 41 13 1 -11 -7 44 18 -4 -14 
-63 2 1 -1 2 1 0 -7 -13 -7 -1 -2 -2 36 36 5 3 15 4 -6 -8 -23 -48 31 15 4 -7 -11 27 35 -1 -8 
-70 0 1 0 1 1 -1 -1 0 -3 -7 -9 7 12 17 25 4 10 -1 -6 -1 -44 -24 35 14 4 -5 -10 9 46 5 -4 
-74 -1 1 -1 0 1 0 0 1 -1 -2 -19 -9 0 -1 4 35 29 0 -7 -24 -32 -1 28 30 7 0 -9 -6 29 26 -3 
-75 -1 0 -1 0 0 1 1 1 0 -3 -21 -4 -1 1 0 2 2 5 -9 0 0 3 25 35 9 1 -4 -20 20 36 -2 
-76 -2 0 -1 0 1 1 0 0 0 0 -19 -5 0 -1 -2 1 -2 0 -1 1 9 8 14 28 15 3 -9 -18 9 47 -1 
-77 -3 0 1 -1 0 1 1 0 0 -1 -2 -10 -11 -3 3 -1 -2 -1 2 1 5 8 8 36 18 1 -12 -17 -1 50 5 
-75 -2 -2 1 0 0 -1 1 1 0 -1 -1 -1 -19 3 -2 1 -5 0 3 2 7 9 14 31 10 0 -12 -15 -3 34 18 
-70 -3 -2 0 0 0 0 0 0 1 0 -2 0 2 -15 1 1 -7 -1 2 9 14 21 16 5 4 1 -14 -16 3 11 28 
-59 -3 -2 0 0 0 1 0 0 -1 0 -1 -1 26 1 -14 -17 -7 3 4 11 18 19 2 6 3 1 -6 -10 -14 3 15 
-36 -3 -2 -2 0 1 1 0 0 0 -1 -1 -1 29 17 -10 -12 -8 2 3 16 5 4 4 6 -1 -4 0 -7 -19 -2 9 
-24 -2 -3 -2 0 1 1 0 0 -1 -1 0 -2 19 31 -14 1 0 0 5 2 1 4 3 1 -1 0 -6 -13 -9 0 5 
-23 1 -2 -2 -1 1 0 1 0 -1 -1 -1 -1 17 32 -11 6 2 -2 -1 0 2 3 1 1 3 1 -15 -27 9 4 -6 
-16 3 -1 -1 -2 0 1 1 -1 -1 0 -1 -1 22 23 -2 1 1 0 1 3 3 0 1 4 -1 1 -7 -26 -6 8 -1 
-26 5 1 -1 -1 -1 1 1 -1 -1 -1 -1 -1 39 9 -3 -2 -1 2 1 2 2 2 3 3 1 -2 -4 -21 -10 2 -4 
